100
200
300
400
500
0
-687259648
-1948601101
1050112432
32764
-1069373951
29498
1050112496
32764
1050112568
32764
-1067155456
1
-905625239
25135
1050112368
32764
-1067012666
29498
0
0
-433476137
1978072031
1050112568
32764
1
0
-1066905600
29498
-905613896
25135
-412504617
1978072031
1310961111
1818953332
0
32764
0
0
0
0
0
0
1050112568
32764
-687259648
-1948601101
1050112528
32764
-1069373672
29498
1050112584
32764
-905613896
25135
-905625239
25135
1050112584
32764
0
0
0
0
-905625472
25135
1050112560
32764
0
0
0
0
0
0
-905625435
25135
1050112552
32764
56
0
1
0
1050113893
32764
0
0
1050113944
32764
1050113960
32764
1050114070
32764
1050114090
32764
1050114115
32764
1050114282
32764
1050114340
32764
1050114363
32764
1050114396
32764
1050114438
32764
1050114482
32764
1050114526
32764
1050114533
32764
1050114553
32764
1050114594
32764
1050114621
32764
1050114654
32764
1050114710
32764
1050114743
32764
1050114774
32764
1050114789
32764
1050114805
32764
1050114848
32764
1050114928
32764
1050114955
32764
1050114970
32764
1050114996
32764
1050115032
32764
1050115057
32764
1050115094
32764
1050115209
32764
1050115274
32764
1050115292
32764
1050115309
32764
1050115325
32764
1050117089
32764
1050117119
32764
1050117146
32764
1050117274
32764
1050117300
32764
1050117330
32764
1050117421
32764
1050117473
32764
1050117622
32764
1050117652
32764
1050117676
32764
1050117707
32764
1050117729
32764
1050117764
32764
1050117809
32764
1050117848
32764
1050117885
32764
1050117919
32764
1050117955
32764
1050117978
32764
1050117998
32764
1050118018
32764
1050118077
32764
1050118088
32764
1050118120
32764
1050118132
32764
1050118159
32764
1050118183
32764
1050118247
32764
1050118261
32764
1050118272
32764
1050118280
32764
1050118301
32764
1050118341
32764
1050118372
32764
1050118405
32764
1050118457
32764
1050118488
32764
1050118511
32764
1050118698
32764
1050118745
32764
1050118769
32764
1050118807
32764
1050118915
32764
1050118947
32764
1050119215
32764
1050119231
32764
1050119246
32764
1050119583
32764
1050119619
32764
1050119673
32764
1050119757
32764
1050119783
32764
1050119849
32764
1050119893
32764
1050119930
32764
1050120014
32764
1050120034
32764
1050120080
32764
0
0
33
0
-1067163648
29498
51
0
2032
0
16
0
-1075053569
0
6
0
4096
0
17
0
100
0
3
0
-905629632
25135
4
0
56
0
5
0
14
0
7
0
-1067155456
29498
8
0
0
0
9
0
-905625472
25135
11
0
1000
0
12
0
1000
0
13
0
1000
0
14
0
1000
0
23
0
0
0
25
0
1050113721
32764
26
0
2
0
31
0
1050120133
32764
15
0
1050113737
32764
27
0
33
0
28
0
64
0
0
0
0
0
0
0
155207936
-625675305
2021827723
-339407037
909670614
3421791
0
0
0
0
0
0
0
0
0
0
0
0
0
0
0
0
0
0
0
0
0
0
0
0
0
0
0
0
0
0
0
0
0
0
0
0
0
1869098752
1949263213
1634561633
1866739577
1701672291
796095598
1095524163
1415530318
1380930645
793526601
1701869669
1701669234
7566446
1279608915
1647263052
1647275625
6845281
1397966163
1598967625
1095647565
1028801863
1633906540
1635004268
2036428142
1953517357
1701597289
808660344
1077555253
1886221359
1128869423
1853173061
858749033
741552434
2020175477
1851880495
762929517
1769238607
2019912784
892351277
1949252144
774860909
759513929
2020175477
825373487
1329791027
1414680396
1028477509
1702195828
1869377379
1146617970
1329815367
1195984462
1380533343
1697594707
2016371572
1442867044
1146045267
1162108741
1346852162
1145134937
1163153473
1313169234
1229934660
1028871246
1836017711
1635004261
2036428142
1937124911
1701080931
1936944941
1954047279
1769172581
796094063
1882026861
1869116537
1701064302
1885828450
808594809
908998194
1814900782
2020961897
875984941
1869491759
1718513475
1698981737
1097299298
1953522020
1850045029
1768910948
796095598
1885630053
1953393007
962736941
959668792
909522018
809067574
2020879969
1146617972
1163091783
1330205523
1095786318
792545364
795308655
1701147238
1802724708
795897716
1886611780
1299800428
1734438497
1395618405
1769173861
3173999
1598506072
1431192909
1163022431
1029196102
1836019303
1409297765
1598902853
1196380752
1598898514
1397900630
1028542281
808529457
925969973
3487536
1598506072
1179537219
1147094857
1599296073
1329812310
1398752580
1599095118
1195987535
1952788285
1685598051
1313276007
1598377295
1263748420
1599098708
1397966163
1598967625
1950172233
762538344
1680700265
1701998693
1702125923
1329791076
1598112846
1027954757
1836017711
1635004261
2036428142
1852402991
1852793705
791896420
795765090
1684959075
1130299489
1028480837
1431061248
1380275284
1128350303
1145980235
1801742141
1262765824
1128350303
1145980235
1129535071
1598374991
1346457171
1230131039
1635204423
1851878521
829959268
1329987633
1329812558
1195984462
1413566559
1697594696
1714381684
1937010287
1330202368
1146047839
1598377045
1599228228
1329812310
1398752580
1599095118
1195987535
1146617917
1094999879
1214202196
1027951951
1836017711
1635004261
2036428142
1634628399
1868771184
1836411236
892941359
1869360687
795631971
1918986355
1498415205
1146504516
1397310559
1162625601
1279870559
1096179525
1094994252
1313818964
1140863293
1414222661
1398755407
1230197573
1648184911
1768383605
1701064037
1869900659
1330511984
1599357279
1145655874
826099015
1430476800
1380930386
1514754911
875707717
1146572800
1869098813
1949263213
1634561633
1866739577
1701672291
796095598
1095524163
1415530318
1380930645
4997449
1413829447
1196312916
1129537363
1095583048
1380533343
1869098813
1949263213
1634561633
1853042553
1664053345
1969841263
959721325
1814966069
1818321775
1634235183
1731159410
761424236
791686706
1701340019
7561581
1598506072
1397966163
1598967625
1263748420
1028673364
1734636866
1275094377
1095649103
1950172493
1634561633
1414594681
1095782751
1095520351
1380927060
1162368077
1732068685
3369844
1598772295
1598380101
1178948176
792549449
1885433459
1685021487
795702633
792017204
7500661
1598506072
1397966163
1598967625
1162893652
2036430653
1684955500
1313817344
1348419908
1229342034
1747926360
795176303
1835950452
1831827809
1667853929
1633971823
1430388787
1162626126
1162108740
1346852162
1095786329
792545364
1701670760
1851880495
796483949
1668511278
761619567
796095343
1702131813
1869181806
1831826286
2037394803
1852794996
1650811950
2037409653
842019373
775302710
1768697136
762869102
791950968
1684960610
795108716
1935829356
1650811951
2037409653
1129534976
1598374991
1599359303
1347113793
1599296321
1162104654
1853042493
1664053345
1969841263
959721325
1937059637
1752379250
795177569
1768189795
1664052597
1969841263
1330118765
792544589
1701670760
1851880495
7954797
1196310860
1601070397
1429099349
942491220
1111575552
1449083735
809325125
858667310
1599294464
1330401091
1916621650
976239987
809331044
875772721
1030646842
859517232
1751988790
976236605
876439920
858995504
1030714170
859517232
1868839477
993079357
1647981875
808729956
993211195
1664758064
808729956
993211195
1866084656
808729970
993080123
1832530224
808467817
1031107386
876295987
1735604785
993014589
1664758580
808467809
1031238714
876294195
2003778098
993276733
1933193780
926104948
976499771
809334885
842218289
1949182522
809333345
825441073
1949182522
809335399
825441073
1630415418
809329522
825441073
1630415418
809331314
825441073
1949182522
809335393
825441073
1814964794
809329000
825441073
1814964794
809317498
825441073
1814964794
809330810
825441073
1814964794
1029795194
859517232
774519345
1031433332
859517232
774519345
1031436404
859517232
774519345
1030716020
859517232
774519345
1031419764
859517232
774519345
1030777210
859517232
774519345
825245050
976302907
2053385770
993079357
708456755
1031431982
859517232
774519345
1031434860
859517232
774519345
809335404
825441073
1814964794
809332602
825441073
2016291386
825245050
976302907
1937387050
825245044
976302907
2054434346
809333875
825441073
1647192634
809316986
825441073
1647192634
825245050
976302907
1651781162
825245050
976302907
1651781162
809316986
825441073
1949182522
825245050
976302907
1701064234
825245026
976302907
1886531114
825245037
976302907
1634348586
825245042
976302907
1635200554
825245042
976302907
1634020906
825245042
976302907
1634938410
825245042
976302907
1634872874
825245042
976302907
1818308138
825245050
976302907
1667313194
825245029
976302907
1870278186
825245039
976302907
1885548074
809332585
825441073
925772346
825245050
976302907
2054303274
993079357
708456755
1650549550
993079357
708456755
1835628334
993079357
708456755
1836544814
993079357
708456755
1836540974
993079357
708456755
1685284142
993079357
708456755
1769365806
825245030
976565051
1886006826
825245031
976565051
1886006826
809330533
892549937
1831742010
1030189162
859517232
774519349
1701866093
825245031
976565051
1768369706
825245030
976565051
1835150890
825245040
976565051
1651519018
825245037
976565051
1735405098
825245037
976565051
1886400042
825245037
976565051
1735667242
825245025
976565051
1652043306
825245037
976565051
1886924330
825245037
976565051
1769221674
825245030
976565051
1769221674
809330278
892549937
1882073658
809330542
892549937
1932405306
809330550
892549937
1932405306
1031432054
859517232
774519349
1030188653
859517232
774519349
1031299952
859517232
774519349
1031171949
859517232
774519349
1030189165
859517232
774519349
1734701165
993079357
708457779
1983016238
993079357
708457779
1986751790
993079357
708457779
1650816814
825245037
976565051
1702309418
809332834
892549937
1865296442
809332071
892549937
1831742010
809317488
892549937
1831742010
809334324
892549937
1831742010
1031156848
859517232
774519349
1029861238
859517232
774519349
809333873
892549937
1848519226
809334389
892549937
1999514170
809334381
892549937
1630415418
809330291
892549937
1915628090
825245037
976565051
1836199466
809329270
892549937
1714301498
809329516
892549937
1630415418
809331062
892549937
1714301498
809331052
892549937
1714301498
809334380
892549937
1731078714
825245036
976565051
1818504746
993079357
708457779
1717794862
993079357
708457779
1685551150
993079357
708457779
1987410222
993079357
708457779
1835492142
993079357
708457779
1718445358
993079357
708457779
1986490158
993079357
708457779
2020044590
993079357
708457779
1667326254
993013821
708458035
1031102766
859516976
774519350
1667329126
993013821
708458035
1630825774
993013821
708458035
1684630830
993013821
708458035
1684630830
808467817
976630587
1802317354
808467809
976630587
1886203434
808467763
976630587
1886203434
808467811
976630587
1735339562
808467815
976630587
1634872874
993013821
708458035
1986098990
993013821
708458035
1634168622
993013821
708458035
1970302766
808467827
976630587
1886596650
808467832
976630587
1937255978
809330288
909327152
1031678522
960180272
589969968
993013821
708456505
1801544238
993013821
708456505
1684827950
993013821
708456505
1769107246
808467815
976238907
1634741802
809333874
809057072
1915628090
809331301
809057072
1932405306
809332855
809057072
1949182522
809332845
809057072
1680747066
761752432
1953720676
993013821
708456505
1802527790
1819225447
808467812
976238907
1668623914
1768172902
809333875
809057072
1965959738
1848469091
809334629
809057072
1965959738
1865246307
809329772
809057072
1915628090
1701735792
808467831
976238907
1886531114
1769107309
808467815
976238907
1886531114
1986098029
808467813
976238907
1095393024
1096761686
1465865303
1330536269
1346720334
1313165889
1196312916
1476407613
1130317636
1163022933
1147098190
1414222661
1111314511
1768383605
1498415205
1313818708
1380013139
1028674900
1836017711
1635004261
2036428142
1868770863
1734960750
1129535023
1969841263
1934962541
1999598181
1936421487
1701011824
1919906899
795174753
1684223801
808477286
1717844322
825766199
1647655225
1647784752
962670689
912615011
762539311
1752463728
1882091119
1869116537
2037395310
1852794996
1882088306
1096220793
1312902233
1229217604
1095520339
1635204441
1851878521
3157348
1145982787
1380998977
1414548815
1146047839
1162430025
1646804306
694514529
1229389856
1396793172
1396789323
1932475731
795894126
1768189795
875523445
1966028089
1932489331
1701994856
1685021487
795702633
1869833586
1701016181
1885417331
2019897200
1936614772
1936617321
1953064751
1936286767
1935748980
1935765611
1752378995
1195661312
1095062367
1095786324
792545364
795308655
1701147238
1802724708
795897716
1886611780
1299800428
1734438497
1395618405
812933477
1146045184
1145850949
1095524162
1212370517
1313817439
1413694798
1279870559
1747926341
795176303
1835950452
774863201
1718513507
1445947241
1685013331
795702633
1919251285
1919907631
1634759531
1951622499
1734439535
926494565
1650877539
962736176
825714276
960049464
858808885
811688503
1717778785
1982805605
1835623521
1982754403
1685021555
1819028837
1915708004
1684104048
1936028260
2020879987
1212350580
1162694482
1397048415
1347376203
1685021501
778925417
1802724708
7368564
1365202001
1348419920
1179926860
1028477519
1819894135
6581857
1329812310
1197425988
1096766537
1095781203
1163875155
1095914584
1196573023
1476410707
1147093579
1430341189
1281315916
1431263553
1937063252
1129534976
1598374991
1213487440
1096765007
1095717973
1447646275
1598379073
1380013383
3226948
1313817439
1163870532
792544600
1701670760
1851880495
796483949
1768843629
1684959075
1647260513
1664052841
1633971823
1163085568
1313428564
1398756167
1296386115
1229217601
1398169426
1162104643
1095652191
1380933456
4015945
1598772295
1298091337
1280656463
1229348677
1449084236
1146045267
1314086725
1331646529
1028082002
1397050368
1330398035
792544595
796029813
795765090
1936942444
1701865840
544417056
1593864997
1145982787
1330798401
792548431
1701670760
1851880495
796483949
1768843629
1684959075
1476408161
1398753092
1230197573
1130319439
1397965132
1702065469
1163133042
2017283410
1836213620
909455917
1869377379
1498415218
1313818708
1396785759
1381974857
1028411461
1413939249
1095786315
792545364
1885433459
1685021487
795702633
792017204
796029813
794978668
1597388920
1814901814
2020961897
1970169645
1802790703
808334125
1162043136
1313817439
4014404
1397966156
1313165391
790658109
796029813
795765090
1936942444
1701865840
7546144
1380275029
1851880509
7954797
1598772295
1213481296
1129535071
1598374991
1346457171
1230131039
1392524615
1449086020
1329939529
1447645764
2000507461
1634498913
1442866286
1146045267
1229414213
1346985812
1095262019
1162626126
1970417469
1937059694
825193061
791687216
1868788598
1731028324
841839721
929391927
862074979
1869819444
1124100963
1094995535
1279808351
826100822
1397310464
1497451600
3160637
1447839827
3226956
1599754061
1111576133
1465861452
1095522625
826098766
1129270272
1213481296
1853042493
1664053345
1969841263
959721325
1937059637
1768697714
1869360994
1701601635
1146438144
1598376263
1397966163
1598967625
1397900630
1028542281
825110577
3288624
1598772295
1598380101
1178948176
1449089097
1146045267
1314086725
1331646529
1028082002
1313817344
1348419908
1330140249
1480941390
1747926341
795176303
1835950452
1831827809
1667853929
1633971823
1768042291
2037395310
1852794996
1195661312
1314214495
1162692948
1380533343
1970417469
1937059694
825193061
3158064
1145982787
1162108737
1280655686
1313169236
1633828182
1476420979
1147094852
1598116929
1397901636
1129535071
1598374991
1346457171
1230131039
1966030151
1932489331
1701994856
1685414447
761620839
1802724708
980447092
1836017711
1635004261
2036428142
1869360687
795631971
1918986355
1818636133
1634759777
2019897195
1953656688
1752379251
979726945
1918989871
1651076143
1634493999
1801547892
1886938415
1937011311
1634235183
792356210
796029813
1633906540
1752379244
979726945
1920169263
1634235183
792356210
796025206
794978668
1885433459
1701064548
1869900659
1162084464
1229411650
1146046030
1280464223
1952988499
980643956
1701064495
1768387938
1685022318
1969386798
779449454
544042851
1598900480
1179537219
1163872073
1498567758
1869770813
1701603686
1313818112
1313817428
1598507334
1162627398
1952788285
1868967779
796095598
1953394534
1868770931
1442866798
1146045267
1229414213
1396793172
1396789323
1095589715
792546889
1885433459
1685021487
795702633
792017204
796029813
1918986355
1868771173
1836411236
1936028207
1668445551
1630499685
1697607792
1852142712
1852795251
1768370035
1768173428
1630499955
1634757491
1831695219
778987873
1476424554
1397904707
1415533135
1162691912
1651065405
761361505
1701080909
1227714162
1476420963
1147094852
1598116929
1397901636
1869098813
1949263213
1634561633
1853042553
1664053345
1969841263
959721325
1814966069
1818321775
1634235183
792356210
1701670760
1851880495
796483949
1885433459
1685021487
795702633
976566580
1634628399
1868771184
1836411236
892941359
1920169263
1634235183
792356210
796